1.0 -4.311782855931223e-18 -8.654620406072281e-17 0.0 1.6200470698930832e-18 1.0 3.146411171920284e-18 0.0 2.3803849464398657e-17 1.6796412969649077e-18 1.0 0.0
0.9999971875649127 -0.0007193299208949499 0.0022599616654555956 -0.012439861246164977 0.0007218228470034678 0.9999991317749097 -0.0011024614297570515 -0.014536172522301733 -0.0022591666698072005 0.001104089621119325 0.999996838571036 1.442481683207296
0.9999898031270831 -0.0001855178611398772 0.004512119787933691 -0.022724579143673526 0.000197845978435895 0.9999962487004395 -0.0027319300901004744 -0.029000221711128895 -0.004511596039793745 0.002732794937710796 0.9999860885697371 2.7493192133108684
0.9999751418126199 0.00015139039637561408 0.007049314702737526 -0.02834807108165733 -0.00012140815731462343 0.9999909466833645 -0.0042534469983131415 -0.04598906911905004 -0.007049894814086582 0.004252485421022263 0.9999661071010629 4.050975806627234
0.9999490469037615 0.0013892715933088093 0.00999867594728487 -0.032715268665628926 -0.001360149572324415 0.9999948152903531 -0.002918798648989421 -0.0658682545097647 -0.010002679111102968 0.002905050232347454 0.9999457520754552 5.478269231966608
0.9999151080546981 0.0015325432217172654 0.012939397019740787 -0.03198586888985087 -0.001518896426249461 0.9999982799681562 -0.0010644314797653009 -0.08363872747772978 -0.012941006050815322 0.0010446875142152408 0.9999157159432941 6.770308213314487
0.999869595239729 0.0023557552838937915 0.015976324113595803 -0.027018064691667967 -0.0023378929750307144 0.9999966211549162 -0.001136633269001815 -0.0984532915726618 -0.015978947761901008 0.0010991341107008696 0.999871724338992 8.055562597720007
0.9998170397377613 0.0032915876926975507 0.018842836848013394 -0.01759670776807912 -0.0032428109190200433 0.9999913135687591 -0.002618580602350626 -0.11222650936664288 -0.018851292458689845 0.0025569977490808816 0.9998190288923031 9.33383553344982
0.9997431270162525 0.004950110483215874 0.02211733234296543 -0.0010644013302398027 -0.004865519835706121 0.9999806483467235 -0.003876809099582003 -0.1285451803210318 -0.022136094969383936 0.0037682009328335792 0.9997478651946381 10.731321930661398
0.9996473178498992 0.00667305417780318 0.02570428492376977 0.015150204983979225 -0.006614424097789314 0.9999753270815045 -0.002365295349970388 -0.14630517408633012 -0.025719434468059882 0.0021944421109045178 0.9996667920434613 11.994702392677727
0.9995138517248465 0.007520191230208769 0.030257345125146273 0.03941786958593643 -0.007557936859234816 0.999970796172346 0.0011333105824387771 -0.16751547662617808 -0.030247938782550964 -0.001361442729437842 0.9995414992250705 13.374851947140137
0.9993832299336867 0.007422217074022497 0.03432303047543662 0.06677868912984043 -0.007524274727795252 0.999967644442961 0.0028452340881649657 -0.1839822530302737 -0.03430080198963762 -0.003101735143735406 0.9994067411329413 14.619975502924706
0.9992523056611265 0.006911712972585873 0.03804021365222433 0.09923653924498123 -0.006981455800707161 0.9999741828330461 0.0017008651576270637 -0.19658168860653277 -0.03802747566990309 -0.0019651695006399684 0.9992747616161477 15.854593010942429
0.999100879839444 0.005972062771631545 0.04197340074738077 0.1359164237397495 -0.0059716401379491385 0.9999821604244917 -0.00013545046520017917 -0.20801082072900157 -0.04197346087840949 -0.00011532136567311619 0.9991187193136114 17.07901289953037
0.9989130715205857 0.005981428215604885 0.04622659474599478 0.18119889857268712 -0.005964412553224668 0.9999820847049092 -0.0005060159270713216 -0.22289406454726712 -0.046228793280852665 0.000229751441953316 0.998930851403675 18.413378098156116
0.9987338147206856 0.006968372007127536 0.04982177360389112 0.22594685205570414 -0.006943710311452101 0.999975668992285 -0.0006680647743930818 -0.2360386873708135 -0.049825216713806075 0.00032127091750194976 0.9987579008770945 19.617437344343593
0.9985425601331689 0.007050363988688937 0.05350745714686337 0.2796988886607042 -0.006972287830979452 0.9999743391167221 -0.001645694527181628 -0.25019328365475146 -0.05351768684368193 0.0012702266340373638 0.9985660938161279 20.934803555420753
0.9983672767119223 0.008203203216240042 0.056528649796477634 0.33245382139036805 -0.008052628882142228 0.999963398103111 -0.0028909552340985315 -0.2629468149270487 -0.05655029583394091 0.0024310308661434155 0.9983967919269481 22.127255337277198
0.9982001797344975 0.008835678658897625 0.05931552883228339 0.3879226159675067 -0.008677658234248792 0.9999580817497599 -0.00292112836246986 -0.2766626914990342 -0.059338852580634885 0.0024011509692546716 0.9982350099292434 23.315766999413068
0.9980190693260614 0.010523495944988779 0.06202574703006493 0.4461698025984349 -0.010428577179554836 0.9999439024272517 -0.0018538545165669336 -0.2902789140028499 -0.062041776566696454 0.0012033418692674787 0.9980728279683772 24.50084035245258
0.9978401131218805 0.010668746993245336 0.06481733165216422 0.5135376030599527 -0.01062734545806119 0.9999430445075376 -0.0009834986079246054 -0.30521897014312455 -0.06482413264693616 0.00029253818704943384 0.9978966611067409 25.799697518720922
0.9976673124147971 0.011641627302875735 0.0672637068022293 0.5773653913742601 -0.011602423434691774 0.9999322157604816 -0.0009734756163137857 -0.31676347383785414 -0.06727048022333015 0.00019078279372269558 0.9977347573841698 26.976740651230767
0.9974850939622103 0.011728528392158431 0.06989942020470756 0.6457186366212893 -0.011666032409535176 0.9999311015361645 -0.0013022551562114552 -0.328786705670355 -0.06990987777860609 0.00048353120534052235 0.9975531941638771 28.149140097457554
0.9973099144226638 0.012412513207026337 0.0722417061685575 0.7170521261486897 -0.012325751485149635 0.9999226791508865 -0.0016466845597247377 -0.3417482062806998 -0.07225655987234068 0.0007518215202433655 0.9973857951263475 29.317260121132314
0.997108060401598 0.011777196444409853 0.07507871553291491 0.7987352661686711 -0.011684694707827152 0.9999303350476336 -0.001671215459448991 -0.3569452522749782 -0.0750931674105405 0.0007891105352264439 0.9971762098610335 30.59887731269305
0.9969297172077106 0.010963655688366557 0.07753023411612356 0.8763684202870142 -0.01096741195604003 0.9999397849252443 -0.0003773574466500151 -0.3708876764906438 -0.07752970284439707 -0.0004741071640247297 0.9969899299387415 31.76021353808792
0.9967462412900889 0.009546126767791508 0.08003625389667293 0.9576698600203261 -0.00969960300835781 0.9999517887514331 0.0015290108860371169 -0.3851176660007271 -0.08001779911719457 -0.002300355742622983 0.9967907805492072 32.918576198096446
0.9965576002260248 0.007125302683234076 0.08259648596289633 1.0522092181757574 -0.007301267290140779 0.9999716735324904 0.0018285591563808761 -0.398363833445886 -0.08258111725875698 -0.002425323545995714 0.996581395008954 34.18772107323117
0.996376628956355 0.006952496937822543 0.08476600766757379 1.1421346902119565 -0.007059795886285234 0.9999746126127663 0.0009661324917819608 -0.4096814636472162 -0.08475713864692236 -0.0015610625475152668 0.9964004167663265 35.3368979446387
0.9961827430823392 0.005756931384939028 0.08710223950034227 1.2322238643661896 -0.0058374091334666475 0.9999827382223998 0.0006692621605977194 -0.4204639961214379 -0.08709688306451856 -0.0011751588233901403 0.9961991527612265 36.48366211970921
0.9959744546524502 0.005157175965555541 0.08948904522797599 1.3335481970356626 -0.005271487233500856 0.9999855636849031 0.0010410783511851077 -0.43303600637237916 -0.08948238431167047 -0.001508627802529511 0.9959872624386579 37.74259211031735
0.9957804902710297 0.004684366949955071 0.0916475417120694 1.4270000579815125 -0.004843219826330191 0.9999871300052037 0.0015109750724325288 -0.44384063588065703 -0.09163928424699304 -0.0019484686894684817 0.9957903620001878 38.88356064905875
0.9955877774414941 0.0032816859315797273 0.09377743836633834 1.5236475244229122 -0.0034168211389533592 0.9999933428143492 0.0012804922052718063 -0.4546614367871437 -0.09377261189926585 -0.0015952631224447084 0.9955923625626906 40.02042894071381
0.9953669499539213 0.002667221629794521 0.09611202249565567 1.6327651711088285 -0.0027585891234584627 0.999995860707814 0.0008177733707726103 -0.4662030636436502 -0.09610944347708933 -0.0010791181657095782 0.9953701876078611 41.26713020766575
0.9951393696253522 0.0017353418101669828 0.09846127975228788 1.7333529882047785 -0.0018482981552144198 0.999997734312764 0.0010560129108231422 -0.47801679583825835 -0.09845922412646702 -0.001232865824118978 0.9951403223798511 42.39689865748903
0.9949241504258275 0.0017790649954344182 0.10061197655938972 1.8366935938278752 -0.001919318283090834 0.9999973167149125 0.0012972202213720706 -0.49074199218131376 -0.10060939874968632 -0.0014837421327721508 0.9949248953526645 43.522856318610124
0.9946727337207516 0.0008437532203348817 0.10307977916637952 1.9417361403908793 -0.0009960876009790232 0.9999984866471963 0.0014263634908962936 -0.5030903539842098 -0.103078419671518 -0.0015214413627085723 0.9946720688821026 44.64515359594084
0.9943961253296786 -0.0007714848205573888 0.10571542338038128 2.062794959773421 0.0006587349474043537 0.9999991764330265 0.001101454283079123 -0.5166297835692361 -0.10571618607191005 -0.0010256434274613507 0.9943958145818842 45.87557761324486
0.9941496495330955 -0.0015475520876967856 0.10800036766492466 2.1740318436199644 0.0014592242713403346 0.9999985331413789 0.0008968721293060493 -0.5284452678244601 -0.1080015971999905 -0.0007340283552152676 0.9941504494816793 46.99042478458851
0.9938997108157173 -0.0027453528232956785 0.11025347104880229 2.2872338616461394 0.002728668158798203 0.9999962315117236 0.00030221255809187284 -0.5391491132771096 -0.11025388523998891 4.761617554600713e-07 0.993903456473143 48.10205106928238
0.9936238023922064 -0.003313626103268224 0.11269764505836362 2.4150769410060584 0.003368788202411952 0.9999942809045085 -0.000299038997602863 -0.5500441636039297 -0.11269600962634162 0.0006767867629739459 0.993629282667322 49.32136286880557
0.9933472629502821 -0.003803209611024911 0.11509452978242384 2.533779788001785 0.003805009203655794 0.9999927401052957 0.00020406288826997458 -0.5631776762144696 -0.11509447030219465 0.00023523043357985635 0.993354522601322 50.425785516794434
0.9930633767952635 -0.0035067940714419003 0.1175280054426552 2.655277738607824 0.003480047991916975 0.9999938509628746 0.0004327844889457711 -0.575693579977643 -0.11752880044466661 -2.077932668237553e-05 0.9930694742233583 51.52683617060105
0.9927581847588645 -0.0029090607924236304 0.12009464584064566 2.78961843592772 0.002935406430629279 0.9999956907833788 -4.24706939663996e-05 -0.5883698180384521 -0.12009400477697119 0.00039468972473231256 0.9927624460245513 52.734204776512144
0.9924875121818878 -0.003378465477660731 0.1222993218870133 2.9157318638952208 0.00343099860823993 0.9999940901366785 -0.0002189526580105824 -0.5990167203673938 -0.12229785939074049 0.0006369165820175716 0.9924932382266944 53.82897755916898
0.9921896259033895 -0.003392369541469619 0.12469257427203112 3.0435333931093838 0.0034191396868644523 0.9999941547245835 -6.833982427494858e-07 -0.6113934535207787 -0.12469184309125293 0.0004270193899976182 0.9921954252670928 54.91924672169115
0.9918501800976798 -0.002228874993953193 0.12739015800469514 3.1880109188587293 0.0022176277951121946 0.9999975145829602 0.000230119239639891 -0.6248542343498616 -0.12739035429404477 5.4260145934184136e-05 0.99185265775148 56.11332638912822
0.9915608791707904 -0.0014055424214555073 0.1296342830756996 3.3204478627607794 0.001464545373314236 0.9999988628173755 -0.0003598205177303032 -0.636549058574384 -0.12963362991484367 0.0005466392384057767 0.9915618100656381 57.191737429321726
0.9912618237441554 -0.00022277210719547945 0.13190885929306934 3.4545130510534547 0.0003651034486147799 0.9999993770186173 -0.0010548278763250298 -0.6484394185775754 -0.13190854213007716 0.0010937709838528718 0.9912612875413589 58.26253053404348
0.9909412580885618 0.0019283843100637394 0.13428218181058452 3.602256253105913 -0.0015884307686205895 0.9999952570011401 -0.00263872372877813 -0.6631383701218302 -0.13428663338378657 0.0024015222622781095 0.9909396211602766 59.42862678507852
0.9907051505369432 0.0031214047550997574 0.1359910347483512 3.7372307205547113 -0.002546022413128555 0.9999870578792449 -0.0044047524202017905 -0.6766312957164144 -0.13600302375110743 0.004017574687080141 0.9907002758777196 60.47884543111945
0.9905007155401128 0.002014999560510475 0.1374928081439001 3.875822368808971 -0.0013478913963157054 0.9999868655794973 -0.004944881927397202 -0.6939128404291456 -0.13750096619045246 0.004712583714195859 0.9904904218877781 61.519177160571445
0.9903364206789362 0.004110321895575841 0.13862495854191523 4.027464142574367 -0.0033758079782145005 0.9999789931757562 -0.005533274590592055 -0.7151719964534768 -0.13864479001147945 0.005011832111655194 0.9903294925132531 62.65402052052744
0.9901726057986456 0.003494120815743912 0.1398070164392505 4.167966783371651 -0.0028123539174542134 0.9999831737083413 -0.005073752618721704 -0.7347544895132655 -0.13982239231025512 0.004630704041286864 0.9901657715699523 63.67781920742119
0.9900454495481241 0.0028716863155340737 0.14071873097337664 4.308926299474543 -0.0024592115669533994 0.999992155575936 -0.0031050064511538218 -0.754765330791211 -0.14072654372051271 0.002728040376885688 0.9900447452959794 64.69398491190164
0.9898816784956407 0.0031214416579858914 0.14186091491537925 4.44812257304313 -0.0029337164102342483 0.9999945224626061 -0.0015324336228148183 -0.7728925074089107 -0.1418649212690615 0.0011007482726769994 0.9898854138063471 65.70215168307531
0.9897894149236698 0.003895208662105544 0.14248417966405208 4.60368897095273 -0.0034862345753662897 0.999989056321129 -0.003119840775322914 -0.7879305285767932 -0.14249477279375813 0.0025912521020743633 0.9897921625972791 66.79960902949308
0.9896927725320246 0.003722760379449288 0.14315850325087692 4.743324943410285 -0.0031262024802977332 0.9999854692848487 -0.0043918193511319195 -0.8009833533358621 -0.14317277274651888 0.0038990094021429493 0.9896900296909916 67.78774032716295
0.9896170481759285 0.00374067750516075 0.14368056685357244 4.896342440701073 -0.0031808794684901835 0.9999864304609507 -0.004125639316865346 -0.8181504779654272 -0.14369404986069703 0.003625772437469284 0.9896155181730242 68.86307591563259
0.9895454590136249 0.0034368057274447588 0.1441803485635468 5.033222223122044 -0.0029930816853269357 0.9999900942935789 -0.0032943552850043284 -0.8345616674864539 -0.1441902424144541 0.0028283707519839683 0.9895459435070968 69.8307611907511
0.9895135238497856 0.003012124141884967 0.1444088405414757 5.170220290170855 -0.0026681146323359255 0.9999931231923824 -0.002575797401420141 -0.8501964657779238 -0.1444156060911986 0.0021634870229149897 0.9895147558481449 70.78809795601357
0.9894528558224814 0.0034057540980143297 0.1448152165477078 5.304135458702074 -0.003071338523410512 0.9999920759674668 -0.0025327617239801494 -0.8644336961652359 -0.14482269499084147 0.0020612717675510244 0.9894554755896244 71.73562161768885
0.9893773710512882 0.0033972755461297416 0.14533023144034685 5.450563939346566 -0.003015865766964283 0.99999140615726 -0.002844673144864171 -0.8791091001368755 -0.14533864663370433 0.002376158767659981 0.9893791142247718 72.76828614569007
0.9893777391125723 0.003710661831430015 0.14532006171643055 5.583117883904869 -0.003288890751197647 0.9999896538953897 -0.0031424989745563966 -0.8919435763703186 -0.14533021897087037 0.0026311767236675506 0.989379706868363 73.69860785459267
0.989388015484078 0.0029908322263309684 0.14526668489048541 5.714878681234669 -0.0025235603471305836 0.999991033011859 -0.0034008144685373554 -0.905184915742198 -0.14527555355135313 0.002998135832306979 0.9893866911990876 74.62133211083432
0.9894439463198339 0.0039978073732645425 0.14486094928323368 5.858283711694958 -0.0034711555556792015 0.9999864166425931 -0.003888137010725085 -0.9179040880025876 -0.1448745256079951 0.0033442587388185737 0.9894443833603516 75.62690190762044
0.989467483641168 0.003678070176919692 0.14470857133075565 5.9866242978820114 -0.0030771568896448384 0.999985689971521 -0.0043761807157732865 -0.9291381983502734 -0.14472259644675833 0.0038847975435341063 0.9894646423322839 76.53282154500846
0.9895400375507137 0.004118419821685259 0.14419969730309407 6.114748471961089 -0.0033900870674962577 0.9999802285527294 -0.005296207445492942 -0.9400972871350568 -0.14421865827210573 0.004751959785525364 0.9895344347138155 77.4302843081155
0.9895710282926731 0.005152050999986087 0.14395359090441198 6.252144212225732 -0.004221111554482244 0.9999681632650297 -0.006771607904133872 -0.9542165995009325 -0.14398389556136446 0.0060933428310127324 0.9895612709641166 78.40843464914585
0.9896073439644334 0.006233994564524012 0.14366085786820623 6.377841634083741 -0.005135895820036252 0.99995470408421 -0.008013261132988411 -0.9692703890763039 -0.14370430524443323 0.007192154866881949 0.9895945359401425 79.28706012820747
0.9896291117153059 0.006870014033633603 0.14348179031762834 6.500541932685593 -0.0057764051554309494 0.9999510178096621 -0.008037109237826778 -0.9853171379890043 -0.14352997731851888 0.007124948322488188 0.9896203214982741 80.15901246472299
0.9896584303922993 0.008381147962097813 0.14319897874037985 6.632520283517534 -0.007508749764293388 0.9999498194120482 -0.0066315409060836135 -1.006084724026154 -0.1432473728569833 0.005487715066333159 0.9896717006931759 81.1102864205251
0.9896855916784577 0.008963067252816245 0.14297584778375078 6.753324238559047 -0.008361498449469611 0.9999534842369974 -0.004807775573829635 -1.0248473519279142 -0.14301228956890497 0.0035626938838873856 0.9897145003709653 81.9658626929743
0.9896964530493669 0.009790486822435284 0.14284634118269052 6.871685856392403 -0.009452969152970413 0.9999506948149469 -0.003041268369871914 -1.0429290290135538 -0.1428690736153032 0.0016596104616188117 0.9897402050525284 82.81489025957322
0.9897280984217013 0.011283543284825613 0.14251657042429314 6.9873443244681415 -0.011053821795806594 0.9999360159792315 -0.0024035330844822084 -1.058924536518469 -0.1425345720106867 0.000803491456778569 0.9897894979151927 83.65666129865029
0.98970710225689 0.01326959058859967 0.14249129695486903 7.111152030716056 -0.013054009430970914 0.9999117969392536 -0.0024476886012556654 -1.0735477723938724 -0.14251120861197505 0.0005624120584958319 0.9897930284219174 84.5745393652009
0.9897430857236386 0.014318824788068774 0.1421393524641876 7.221553257788211 -0.014145986762207382 0.9998974617667014 -0.0022264346006427333 -1.0860482888575593 -0.14215665767305258 0.00019289685345489125 0.9898441531221118 85.40181652954735
0.9897417713940307 0.014101851337035915 0.14217019289103508 7.332065797030576 -0.0141492499802816 0.9998996647667963 -0.0006775870747138949 -1.0991462581900002 -0.1421654834437724 -0.0013409653673590754 0.9898419960423391 86.2212653239627
0.9897637914298383 0.014133580610579012 0.14201365805286245 7.451654029047339 -0.014509541776706363 0.9998934314365934 0.0016121313172550666 -1.112894404672758 -0.14197573867341257 -0.0036561823092300548 0.9898633855027977 87.11307471764079
0.9897976203259459 0.013745789034706472 0.14181581040528599 7.56000856200702 -0.014296009650478968 0.9998937118629361 0.002861657742134325 -1.1245362027776662 -0.141761401323379 -0.004859862217496334 0.9898889265135049 87.91340879462788
0.9898469893945144 0.013954271037855908 0.14145040087047342 7.667056821614343 -0.014509167638256038 0.9998905534380844 0.0028922655005828124 -1.133539944605729 -0.14139456015370816 -0.0049152278770097264 0.9899411189024611 88.70409362206142
0.9899112712621597 0.012419729796050997 0.14114327947135102 7.783216148343884 -0.012906472456336013 0.9999134980622998 0.002533645900414858 -1.1413638327333175 -0.1410996031067015 -0.004329746483101754 0.9899859369195724 89.56218074024972
0.989981550142654 0.010979623218426444 0.1407692375880791 7.88840806124701 -0.011388639655099241 0.999932941586312 0.0021002898255787854 -1.1485272297550904 -0.14073673743537618 -0.0036824182986890134 0.9900402065227046 90.33144137347243
0.9900447592683947 0.011301469608867867 0.14029843701861316 7.990234423058947 -0.011572762423066745 0.9999324083911473 0.0011179530306529633 -1.157010878710932 -0.14027631950933567 -0.002730464019050185 0.9901086297730948 91.09030771161754
0.9901019548083841 0.011083448079129542 0.13991167307731522 8.101211424769613 -0.01117964171848489 0.9999375010091085 -9.842106077978802e-05 -1.1667815343658383 -0.13990401958365117 -0.001466715492565787 0.990163983413859 91.9131385344719
0.9902068005333667 0.009959469007981985 0.1392526522352523 8.198611955026042 -0.009968727545347599 0.9999501119019637 -0.000631013769129419 -1.1746770883294615 -0.1392519897473632 -0.0007633376246781212 0.9902566842324626 92.65232210075524
0.9902687298994943 0.009490978074898399 0.13884438742139968 8.2950118116722 -0.00951554880351415 0.9999546076222497 -0.000486853160860118 -1.183939130766651 -0.13884270565719292 -0.0008390650833498467 0.9903140911122976 93.38109193052668
0.9903163951803006 0.008946915406994962 0.1385402112810374 8.398357598176036 -0.00910932087832867 0.9999583644224095 0.0005382330304917275 -1.1962134032421075 -0.13852962755392828 -0.0017950282336339494 0.9903566631085037 94.17154803669541
0.9904054710994609 0.00824501888171817 0.13794572294890073 8.493488844528878 -0.008452864086467034 0.9999638498104804 0.000920956534630355 -1.20746865423356 -0.13793314288085554 -0.0020781568379391914 0.9904393617779771 94.87752192634348
0.9904442531194457 0.007581220076687623 0.1377051435670134 8.586702252897675 -0.0077340848729672935 0.9999699261700636 0.0005750535757267188 -1.2177154935449275 -0.13769664263823106 -0.0016345817771057415 0.99047310046693 95.57327261608737
0.9904459689968326 0.008003991293596087 0.13766887310244558 8.68502431697492 -0.008101374291961302 0.9999671725158055 0.0001470555228135875 -1.228164804539096 -0.13766317674856557 -0.001260957619144869 0.990478298476739 96.32697268472037
0.9904219955633627 0.007732690229290831 0.13785672347079794 8.773545062189994 -0.007813706679343458 0.9999694714460122 4.651786652823638e-05 -1.237004119001206 -0.13785215519612107 -0.0011232443191724218 0.9904521803852946 97.00128216633284
0.9903511386508171 0.005817715293794366 0.13845857272769352 8.861359274301217 -0.005976651640923863 0.9999818716235943 0.0007321607311806026 -1.2474107848387759 -0.13845180319588726 -0.0015526148696930694 0.9903679556502593 97.66512010853977
0.9902697730786134 0.005430183400085735 0.1390549878108386 8.957554879510612 -0.005797058841000788 0.9999807026999884 0.0022334584014789436 -1.258847637769037 -0.13904017633628432 -0.003017836290887151 0.990282142638398 98.38275398267109
0.9901292715876396 0.004416289829805186 0.14008755094393255 9.041832507502082 -0.004899033497695393 0.9999831904004819 0.003101352489120766 -1.2691020722154804 -0.14007149965684745 -0.0037570334856740877 0.9901342634629251 99.02431076823189
0.9899940198226469 0.004403286253109194 0.14104060332248117 9.123198030645721 -0.004953855695834188 0.9999814184408172 0.0035527576382343457 -1.277831275715035 -0.14102233875929443 -0.00421590361184419 0.9899974374348625 99.65561355764348
0.9898935823033701 0.004237357902152984 0.14174886423746041 9.205483458660174 -0.004858132720194397 0.9999800640315933 0.00403361944700242 -1.285294095456271 -0.14172894644734335 -0.004681488799444169 0.9898944334632591 100.27493197156952
0.9897714538924907 0.0026503517648122617 0.14263745894773766 9.29448351866094 -0.00330778425865013 0.9999849711328312 0.004372193015915224 -1.2921942915624398 -0.14262372741883822 -0.004799285779462183 0.9897653455406306 100.94228206096349
0.9896273481932083 0.001238642641043453 0.1436529758567013 9.373787348763447 -0.0019195343172475517 0.9999875714446403 0.004601341571218861 -1.2978212751677825 -0.14364549103986232 -0.004829360274188162 0.9896174261719823 101.53583536199824
0.9895493676856579 0.00024245379281296695 0.1441942791135366 9.450990125989446 -0.0010062429653319254 0.9999858483387658 0.005224040322710763 -1.3031603049569094 -0.14419097193655675 -0.005314540277101916 0.9895356078856558 102.11597679059942
0.9894455154586546 -0.00011320108802193543 0.144905345395782 9.534939514783604 -0.000766640588748319 0.9999816099361021 0.006015983029275261 -1.309857508192976 -0.14490336159304565 -0.0060635777486987745 0.9894272327078534 102.73776388772968
0.9894185341564281 0.00033524436152747766 0.14508911702454808 9.607841586196065 -0.0011577287777786531 0.9999837367943245 0.00558442574810008 -1.3138910392081127 -0.1450848852631523 -0.005693308183912404 0.9894028311613531 103.28761574294343
0.9894227340989948 3.9183483044774455e-05 0.14506085520471865 9.68072932684884 -0.0007898349300054348 0.9999865953953182 0.005117146711148312 -1.3168757434547158 -0.1450587102136686 -0.005177595420147185 0.9894095022268647 103.82199633197189
0.9894161716059439 -0.004310367381455781 0.145041580581825 9.761552628477439 0.0035113904903865366 0.9999772220472075 0.005764158531267772 -1.3212502220857365 -0.14506312247246433 -0.005193854039771044 0.9894087701141286 104.39343397171058
0.9894154714226598 -0.009353769571993353 0.1448086043861683 9.834606269379163 0.008416921385415077 0.9999395064987967 0.0070808740515871035 -1.325964764343733 -0.14486607727093165 -0.00578708369878548 0.9894343481597937 104.89638573757587
0.9894601026671372 -0.010196079728418952 0.14444634016862423 9.9093606176562 0.009332026393642645 0.9999342891614134 0.0066581260612134045 -1.330706578683075 -0.14450473526264312 -0.005239973037180273 0.9894902344991805 105.43195469678643
0.9895207641090527 -0.006217006915220316 0.144256737180807 9.970618272537168 0.0054944048375285106 0.9999702875539839 0.005406988504146272 -1.3347131731789401 -0.14428606624521192 -0.004557722481539372 0.9895255217796375 105.90240625911065
0.9895664878332592 -0.0016511825358719416 0.1440674833318787 10.029583060678766 0.0010957387584571566 0.9999916587092291 0.003934700565173489 -1.3382739269376955 -0.14407277853196682 -0.0037357874936341435 0.9895600428361492 106.35878535377226
